1e+12	2.99470574241	33.2999876727
1.07189131921e+12	2.99432586726	33.2988353021
1.14895100019e+12	2.99391879179	33.2976001747
1.23155060329e+12	2.99348257677	33.296276354
1.32008840083e+12	2.99301514597	33.294857479
1.41499129743e+12	2.99251427667	33.2933367335
1.51671688847e+12	2.99197758951	33.2917068139
1.62575566644e+12	2.99140253772	33.2899598943
1.74263338601e+12	2.99078639562	33.28808759
1.86791359902e+12	2.99012624636	33.2860809171
2.00220037182e+12	2.9894189689	33.2839302505
2.14614119786e+12	2.98866122413	33.2816252782
2.30043011977e+12	2.98784944012	33.2791549529
2.46581107582e+12	2.98697979645	33.2765074398
2.64308148697e+12	2.98604820755	33.2736700612
2.83309610184e+12	2.98505030505	33.270629237
3.03677111804e+12	2.98398141906	33.267370421
3.25508859984e+12	2.98283655826	33.2638780332
3.48910121341e+12	2.98161038898	33.2601353872
3.73993730248e+12	2.9802972129	33.2561246126
4.0088063289e+12	2.97889094363	33.251826572
4.29700470432e+12	2.97738508194	33.2472207731
4.60592204115e+12	2.97577268964	33.2422852738
4.93704785284e+12	2.97404636216	33.2369965819
5.29197873596e+12	2.9721981997	33.2313295472
5.67242606849e+12	2.97021977694	33.2252572474
6.08022426165e+12	2.96810211144	33.2187508657
6.51733960488e+12	2.96583563049	33.2117795607
6.98587974679e+12	2.96341013669	33.2043103277
7.48810385759e+12	2.96081477206	33.1963078514
8.02643352226e+12	2.9580379809	33.1877343487
8.60346441668e+12	2.95506747139	33.1785494016
9.22197882333e+12	2.95189017607	33.1687097804
9.88495904663e+12	2.94849221127	33.1581692543
1.05956017928e+13	2.94485883575	33.1468783924
1.13573335834e+13	2.94097440867	33.1347843509
1.21738272774e+13	2.93682234719	33.1218306487
1.30490197801e+13	2.93238508402	33.1079569298
1.39871310265e+13	2.92764402518	33.093098711
1.49926843279e+13	2.92257950854	33.0771871169
1.60705281826e+13	2.91717076352	33.0601485991
1.7225859654e+13	2.91139587263	33.0419046409
1.8464249429e+13	2.90523173539	33.0223714461
1.97916686785e+13	2.89865403552	33.0014596128
2.12145178491e+13	2.89163721222	32.9790737902
2.27396575236e+13	2.88415443641	32.9551123201
2.43744415012e+13	2.87617759328	32.9294668621
2.61267522556e+13	2.86767727208	32.9020220031
2.80050389418e+13	2.85862276472	32.8726548505
3.00183581358e+13	2.84898207452	32.8412346119
3.21764175025e+13	2.83872193686	32.8076221589
3.44896226041e+13	2.82780785331	32.7716695795
3.6969127072e+13	2.81620414126	32.7332197181
3.9626886387e+13	2.80387400097	32.692105706
4.24757155254e+13	2.7907796021	32.6481504846
4.55293507487e+13	2.77688219184	32.6011663245
4.88025158365e+13	2.76214222694	32.5509543425
5.23109930806e+13	2.74651953168	32.4973040229
5.60716993821e+13	2.72997348397	32.4399927453
6.01027678207e+13	2.71246323161	32.3787853268
6.44236350872e+13	2.69394794051	32.3134335836
6.90551352016e+13	2.67438707634	32.2436759202
7.40195999692e+13	2.65374072101	32.1692369545
7.9340966658e+13	2.63196992438	32.0898271887
8.5044893418e+13	2.60903709165	32.0051427374
9.11588829975e+13	2.58490640555	31.9148651246
9.77124153535e+13	2.5595442821	31.8186611636
1.04737089796e+14	2.53291985749	31.7161829354
1.12266777351e+14	2.50500550258	31.607067882
1.20337784078e+14	2.47577736043	31.4909390334
1.28989026125e+14	2.44521590089	31.3674053869
1.38262217376e+14	2.41330648517	31.2360624611
1.4820207058e+14	2.38003993154	31.0964930464
1.58856512943e+14	2.34541307264	30.9482681758
1.70276917223e+14	2.30942929303	30.7909483397
1.82518349432e+14	2.27209903501	30.6240849704
1.95639834352e+14	2.23344025967	30.4472222201
2.09704640132e+14	2.19347884961	30.2598990574
2.24780583355e+14	2.15224893973	30.0616517044
2.40940356024e+14	2.10979316243	29.8520164362
2.58261876068e+14	2.06616279463	29.63053276
2.76828663039e+14	2.02141779502	29.3967469865
2.96730240819e+14	1.97562672174	29.1502162044
3.18062569279e+14	1.92886652303	28.8905126574
3.40928506975e+14	1.88122219624	28.6172285187
3.65438307096e+14	1.83278631346	28.3299810465
3.91710149081e+14	1.7836584159	28.0284180952
4.19870708444e+14	1.73394428259	27.7122239423
4.5005576757e+14	1.68375508282	27.3811253798
4.82410870417e+14	1.63320642515	27.0348980037
5.1709202429e+14	1.58241731956	26.6733726195
5.54266452066e+14	1.53150907163	26.2964416687
5.94113398497e+14	1.48060413048	25.904065563
6.36824994472e+14	1.42982491345	25.4962788036
6.82607183427e+14	1.37929263138	25.0731957457
7.31680714343e+14	1.3291261385	24.6350158625
7.84282206134e+14	1.27944082974	24.1820283564
8.40665288562e+14	1.23034760708	23.7146159589
9.01101825167e+14	1.18195193377	23.2332577684
9.65883224116e+14	1.13435299274	22.7385309797
1.0353218433e+15	1.08764296186	22.2311113726
1.10975249641e+15	1.04190641527	21.7117724491
1.18953406737e+15	0.997219856251	21.1813831312
1.27505124071e+15	0.95365138334	20.6409039662
1.36671635646e+15	0.911260487993	20.0913818169
1.46497139831e+15	0.87009797895	19.5339430607
1.57029012473e+15	0.830206025652	18.9697853562
1.68318035333e+15	0.791618310849	18.4001680835
1.80418640939e+15	0.754360280799	17.8264016027
1.93389175046e+15	0.718449480233	17.2498355144
2.0729217796e+15	0.683895958601	16.671846138
2.22194686094e+15	0.650702733867	16.0938234511
2.38168555198e+15	0.61886630036	15.5171577517
2.55290806824e+15	0.588377167725	14.9432263135
2.73643999707e+15	0.559220418889	14.3733803058
2.93316627839e+15	0.531376276027	13.808932241
3.14403547159e+15	0.504820664729	13.2511441917
3.37006432927e+15	0.479525767872	12.7012169974
3.61234269971e+15	0.455460562045	12.1602806448
3.87203878181e+15	0.432591330678	11.6293859679
4.15040475785e+15	0.410882149305	11.1094977768
4.44878283113e+15	0.390295339555	10.601489476
4.76861169771e+15	0.37079188954	10.1061391972
5.11143348344e+15	0.352331839258	9.62412742674
5.47890117959e+15	0.334874630477	9.15603607563
5.87278661319e+15	0.318379421233	8.70234890591
6.29498899022e+15	0.302805365702	8.26345320365
6.74754405311e+15	0.288111860635	7.83964256663
7.23263389648e+15	0.274258759931	7.43112066238
7.75259748863e+15	0.261206559179	7.03800580335
8.30994194935e+15	0.248916552184	6.66033618344
8.90735463861e+15	0.237350961621	6.29807562242
9.54771611421e+15	0.226473045972	5.95111967076
1.02341140211e+16	0.216247184954	5.61930193705
1.09698579789e+16	0.206638945564	5.30240051231
1.17584955405e+16	0.197615130806	5.00014437918
1.26038292968e+16	0.189143813094	4.71221970875
1.3509935212e+16	0.181194354172	4.43827596304
1.44811822767e+16	0.173737413307	4.17793173609
1.55222535743e+16	0.166744945351	3.93078028084
1.66381688608e+16	0.160190190152	3.6963946827
1.78343087693e+16	0.154047654663	3.47433265257
1.91164407539e+16	0.148293088952	3.2641409233
2.04907468982e+16	0.142903457213	3.06535924285
2.19638537242e+16	0.137856904746	2.8775239655
2.35428641432e+16	0.133132721761	2.70017124928
2.52353917043e+16	0.128711304773	2.53283987301
2.70495973046e+16	0.124574116244	2.37507369049
2.89942285388e+16	0.120703643044	2.22642374269
3.10786618778e+16	0.117083354225	2.0864500506
3.33129478793e+16	0.113697658548	1.95472311301
3.5707859649e+16	0.110531862085	1.83082513386
3.82749447852e+16	0.107572126241	1.71435100403
4.10265810583e+16	0.104805426404	1.60490906181
4.3976036093e+16	0.102219511456	1.5021216557
4.71375313412e+16	0.0998028642978	1.40562553191
5.05263106534e+16	0.0975446635141	1.31507206792
5.41587137808e+16	0.095434746285	1.2301273718
5.80522551609e+16	0.0934635726144	1.15047226561
6.22257083673e+16	0.0916221909245	1.07580216982
6.66991966303e+16	0.0899022050504	1.00582690405
7.1494289866e+16	0.0882957426489	0.94027041787
7.66341086801e+16	0.0867954250238	0.878870464299
8.21434358492e+16	0.0853943383571	0.821378226922
8.80488358164e+16	0.0840860063288	0.767557910575
9.43787827778e+16	0.0828643640965	0.717186304198
1.01163797977e+17	0.0817237336047	0.670052323436
1.08436596869e+17	0.0806588001828	0.625956539536
1.16232246868e+17	0.0796645903945	0.584710700236
1.2458833643e+17	0.0787364510906	0.546137247439
1.33545156293e+17	0.0778700296228	0.510068835814
1.43145893752e+17	0.0770612551688	0.476347855739
1.53436840893e+17	0.0763063211228	0.444825963457
1.64467617799e+17	0.0756016685025	0.415363620787
1.7629141181e+17	0.0749439703255	0.387829646265
1.88965233969e+17	0.0743301169081	0.362100779219
2.02550193923e+17	0.0737572020406	0.338061257906
2.17111794569e+17	0.0732225099943	0.315602412571
2.32720247896e+17	0.0727235033158	0.294622274004
2.49450813523e+17	0.0722578113676	0.275025197975
2.67384161584e+17	0.0718232195732	0.256721505715
2.86606761695e+17	0.0714176593284	0.239627140493
3.07211299886e+17	0.0710391985399	0.22366334016
3.2929712551e+17	0.0706860327573	0.208756325468
3.52970730273e+17	0.0703564768621	0.194837003857
3.78346261713e+17	0.0700489572825	0.181840688346
4.05546073584e+17	0.0697620047017	0.169706831093
4.34701315813e+17	0.0694942472316	0.158378771173
4.65952566866e+17	0.0692444040225	0.147803496066
4.99450511586e+17	0.0690112792825	0.137931416329
5.35356667741e+17	0.0687937566828	0.128716152941
5.7384416483e+17	0.0685907941231	0.120114336747
6.15098578858e+17	0.0684014188362	0.112085419488
6.59318827133e+17	0.0682247228108	0.104591495858
7.06718127393e+17	0.0680598585106	0.097597136065
7.57525025877e+17	0.0679060348736	0.0910692283656
8.11984499318e+17	0.0677625135721	0.0849768310701
8.70359136149e+17	0.0676286055176	0.0792910335162
9.32930402628e+17	0.0675036675944	0.0739848255335
1e+18	0.0673870996078	0.0690329749351
