1e+12	2.99470574241	31.8424953323
1.07189131921e+12	2.99432586726	31.8413933993
1.14895100019e+12	2.99391879179	31.8402123316
1.23155060329e+12	2.99348257677	31.8389464526
1.32008840083e+12	2.99301514597	31.8375896798
1.41499129743e+12	2.99251427667	31.8361354951
1.51671688847e+12	2.99197758951	31.8345769147
1.62575566644e+12	2.99140253772	31.8329064553
1.74263338601e+12	2.99078639562	31.831116099
1.86791359902e+12	2.99012624636	31.8291972553
2.00220037182e+12	2.9894189689	31.8271407203
2.14614119786e+12	2.98866122413	31.8249366333
2.30043011977e+12	2.98784944012	31.8225744305
2.46581107582e+12	2.98697979645	31.8200427952
2.64308148697e+12	2.98604820755	31.8173296046
2.83309610184e+12	2.98505030505	31.8144218729
3.03677111804e+12	2.98398141906	31.8113056905
3.25508859984e+12	2.98283655826	31.8079661595
3.48910121341e+12	2.98161038898	31.8043873238
3.73993730248e+12	2.9802972129	31.8005520949
4.0088063289e+12	2.97889094363	31.7964421734
4.29700470432e+12	2.97738508194	31.7920379636
4.60592204115e+12	2.97577268964	31.787318484
4.93704785284e+12	2.97404636216	31.7822612705
5.29197873596e+12	2.9721981997	31.7768422737
5.67242606849e+12	2.97021977694	31.7710357497
6.08022426165e+12	2.96810211144	31.764814143
6.51733960488e+12	2.96583563049	31.7581479619
6.98587974679e+12	2.96341013669	31.7510056464
7.48810385759e+12	2.96081477206	31.743353427
8.02643352226e+12	2.9580379809	31.735155174
8.60346441668e+12	2.95506747139	31.7263722389
9.22197882333e+12	2.95189017607	31.7169632836
9.88495904663e+12	2.94849221127	31.7068841011
1.05956017928e+13	2.94485883575	31.6960874239
1.13573335834e+13	2.94097440867	31.6845227211
1.21738272774e+13	2.93682234719	31.6721359838
1.30490197801e+13	2.93238508402	31.6588694975
1.39871310265e+13	2.92764402518	31.6446616014
1.49926843279e+13	2.92257950854	31.6294464348
1.60705281826e+13	2.91717076352	31.6131536684
1.7225859654e+13	2.91139587263	31.5957082218
1.8464249429e+13	2.90523173539	31.5770299668
1.97916686785e+13	2.89865403552	31.5570334142
2.12145178491e+13	2.89163721222	31.5356273867
2.27396575236e+13	2.88415443641	31.5127146755
2.43744415012e+13	2.87617759328	31.4881916822
2.61267522556e+13	2.86767727208	31.4619480449
2.80050389418e+13	2.85862276472	31.4338662502
3.00183581358e+13	2.84898207452	31.40382123
3.21764175025e+13	2.83872193686	31.3716799455
3.44896226041e+13	2.82780785331	31.3373009586
3.6969127072e+13	2.81620414126	31.300533992
3.9626886387e+13	2.80387400097	31.2612194808
4.24757155254e+13	2.7907796021	31.219188116
4.55293507487e+13	2.77688219184	31.1742603847
4.88025158365e+13	2.76214222694	31.1262461086
5.23109930806e+13	2.74651953168	31.0749439859
5.60716993821e+13	2.72997348397	31.0201411401
6.01027678207e+13	2.71246323161	30.9616126819
6.44236350872e+13	2.69394794051	30.8991212901
6.90551352016e+13	2.67438707634	30.8324168188
7.40195999692e+13	2.65374072101	30.761235939
7.9340966658e+13	2.63196992438	30.6853018239
8.5044893418e+13	2.60903709165	30.6043238887
9.11588829975e+13	2.58490640555	30.5179975966
9.77124153535e+13	2.5595442821	30.4260043439
1.04737089796e+14	2.53291985749	30.3280114396
1.12266777351e+14	2.50500550258	30.2236721945
1.20337784078e+14	2.47577736043	30.1126261378
1.28989026125e+14	2.44521590089	29.9944993805
1.38262217376e+14	2.41330648517	29.8689051447
1.4820207058e+14	2.38003993154	29.7354444816
1.58856512943e+14	2.34541307264	29.5937071994
1.70276917223e+14	2.30942929303	29.4432730252
1.82518349432e+14	2.27209903501	29.2837130245
1.95639834352e+14	2.23344025967	29.1145913012
2.09704640132e+14	2.19347884961	28.9354670026
2.24780583355e+14	2.15224893973	28.7458966497
2.40940356024e+14	2.10979316243	28.5454368144
2.58261876068e+14	2.06616279463	28.3336471586
2.76828663039e+14	2.02141779502	28.1100938505
2.96730240819e+14	1.97562672174	27.8743533645
3.18062569279e+14	1.92886652303	27.6260166665
3.40928506975e+14	1.88122219624	27.3646937796
3.65438307096e+14	1.83278631346	27.0900187142
3.91710149081e+14	1.7836584159	26.8016547375
4.19870708444e+14	1.73394428259	26.4992999458
4.5005576757e+14	1.68375508282	26.182693089
4.82410870417e+14	1.63320642515	25.8516195848
5.1709202429e+14	1.58241731956	25.5059176442
5.54266452066e+14	1.53150907163	25.1454844164
5.94113398497e+14	1.48060413048	24.7702820459
6.36824994472e+14	1.42982491345	24.3803435237
6.82607183427e+14	1.37929263138	23.9757781998
7.31680714343e+14	1.3291261385	23.556776817
7.84282206134e+14	1.27944082974	23.1236159194
8.40665288562e+14	1.23034760708	22.6766614871
9.01101825167e+14	1.18195193377	22.216371649
9.65883224116e+14	1.13435299274	21.743298337
1.0353218433e+15	1.08764296186	21.2580877528
1.10975249641e+15	1.04190641527	20.7614795435
1.18953406737e+15	0.997219856251	20.2543045997
1.27505124071e+15	0.95365138334	19.7374814266
1.36671635646e+15	0.911260487993	19.2120110677
1.46497139831e+15	0.87009797895	18.6789706004
1.57029012473e+15	0.830206025652	18.1395052634
1.68318035333e+15	0.791618310849	17.5948193156
1.80418640939e+15	0.754360280799	17.0461657646
1.93389175046e+15	0.718449480233	16.4948351408
2.0729217796e+15	0.683895958601	15.9421435241
2.22194686094e+15	0.650702733867	15.3894200549
2.38168555198e+15	0.61886630036	14.8379941799
2.55290806824e+15	0.588377167725	14.2891828914
2.73643999707e+15	0.559220418889	13.74427822
2.93316627839e+15	0.531376276027	13.2045352313
3.14403547159e+15	0.504820664729	12.6711607589
3.37006432927e+15	0.479525767872	12.1453030833
3.61234269971e+15	0.455460562045	11.6280427332
3.87203878181e+15	0.432591330678	11.1203845491
4.15040475785e+15	0.410882149305	10.6232511128
4.44878283113e+15	0.390295339555	10.1374776012
4.76861169771e+15	0.37079188954	9.66380808833
5.11143348344e+15	0.352331839258	9.20289327658
5.47890117959e+15	0.334874630477	8.75528960749
5.87278661319e+15	0.318379421233	8.3214596696
6.29498899022e+15	0.302805365702	7.901773798
6.74754405311e+15	0.288111860635	7.49651274013
7.23263389648e+15	0.274258759931	7.1058712493
7.75259748863e+15	0.261206559179	6.72996245958
8.30994194935e+15	0.248916552184	6.36882289318
8.90735463861e+15	0.237350961621	6.02241795344
9.54771611421e+15	0.226473045972	5.69064776242
1.02341140211e+16	0.216247184954	5.37335321142
1.09698579789e+16	0.206638945564	5.0703221041
1.17584955405e+16	0.197615130806	4.78129528515
1.26038292968e+16	0.189143813094	4.50597266147
1.3509935212e+16	0.181194354172	4.24401903765
1.44811822767e+16	0.173737413307	3.9950697013
1.55222535743e+16	0.166744945351	3.75873570811
1.66381688608e+16	0.160190190152	3.5346088289
1.78343087693e+16	0.154047654663	3.32226613294
1.91164407539e+16	0.148293088952	3.12127419193
2.04907468982e+16	0.142903457213	2.93119289838
2.19638537242e+16	0.137856904746	2.75157889968
2.35428641432e+16	0.133132721761	2.58198865557
2.52353917043e+16	0.128711304773	2.42198113184
2.70495973046e+16	0.124574116244	2.27112014715
2.89942285388e+16	0.120703643044	2.12897639276
3.10786618778e+16	0.117083354225	1.9951291469
3.33129478793e+16	0.113697658548	1.86916770702
3.5707859649e+16	0.110531862085	1.75069256338
3.82749447852e+16	0.107572126241	1.6393163379
4.10265810583e+16	0.104805426404	1.53466451135
4.3976036093e+16	0.102219511456	1.43637596146
4.71375313412e+16	0.0998028642978	1.34410333357
5.05263106534e+16	0.0975446635141	1.25751326385
5.41587137808e+16	0.095434746285	1.17628647433
5.80522551609e+16	0.0934635726144	1.10011775703
6.22257083673e+16	0.0916221909245	1.02871586343
6.66991966303e+16	0.0899022050504	0.961803313923
7.1494289866e+16	0.0882957426489	0.899116140414
7.66341086801e+16	0.0867954250238	0.840403574085
8.21434358492e+16	0.0853943383571	0.785427688859
8.80488358164e+16	0.0840860063288	0.733963009985
9.43787827778e+16	0.0828643640965	0.685796096031
1.01163797977e+17	0.0817237336047	0.640725101495
1.08436596869e+17	0.0806588001828	0.598559326337
1.16232246868e+17	0.0796645903945	0.559118757821
1.2458833643e+17	0.0787364510906	0.522233609313
1.33545156293e+17	0.0778700296228	0.487743859944
1.43145893752e+17	0.0770612551688	0.455498798438
1.53436840893e+17	0.0763063211228	0.42535657383
1.64467617799e+17	0.0756016685025	0.397183755324
1.7629141181e+17	0.0749439703255	0.37085490308
1.88965233969e+17	0.0743301169081	0.346252151365
2.02550193923e+17	0.0737572020406	0.323264805162
2.17111794569e+17	0.0732225099943	0.301788951033
2.32720247896e+17	0.0727235033158	0.281727082814
2.49450813523e+17	0.0722578113676	0.262987742483
2.67384161584e+17	0.0718232195732	0.245485176384
2.86606761695e+17	0.0714176593284	0.229139006826
3.07211299886e+17	0.0710391985399	0.213873918965
3.2929712551e+17	0.0706860327573	0.199619362764
3.52970730273e+17	0.0703564768621	0.186309269747
3.78346261713e+17	0.0700489572825	0.173881784185
4.05546073584e+17	0.0697620047017	0.16227900833
4.34701315813e+17	0.0694942472316	0.151446761224
4.65952566866e+17	0.0692444040225	0.141334350626
4.99450511586e+17	0.0690112792825	0.131894357554
5.35356667741e+17	0.0687937566828	0.123082432927
5.7384416483e+17	0.0685907941231	0.114857105798
6.15098578858e+17	0.0684014188362	0.107179602645
6.59318827133e+17	0.0682247228108	0.100013677224
7.06718127393e+17	0.0680598585106	0.0933254504518
7.57525025877e+17	0.0679060348736	0.0870832598392
8.11984499318e+17	0.0677625135721	0.0812575179696
8.70359136149e+17	0.0676286055176	0.0758205795584
9.32930402628e+17	0.0675036675944	0.0707466166314
1e+18	0.0673870996078	0.066011501378
