1e+12	2.99470574241	31.1151358652
1.07189131921e+12	2.99432586726	31.1140591031
1.14895100019e+12	2.99391879179	31.1129050138
1.23155060329e+12	2.99348257677	31.1116680506
1.32008840083e+12	2.99301514597	31.1103422697
1.41499129743e+12	2.99251427667	31.1089213021
1.51671688847e+12	2.99197758951	31.1073983234
1.62575566644e+12	2.99140253772	31.1057660214
1.74263338601e+12	2.99078639562	31.1040165612
1.86791359902e+12	2.99012624636	31.1021415485
2.00220037182e+12	2.9894189689	31.1001319896
2.14614119786e+12	2.98866122413	31.0979782493
2.30043011977e+12	2.98784944012	31.095670005
2.46581107582e+12	2.98697979645	31.0931961984
2.64308148697e+12	2.98604820755	31.0905449836
2.83309610184e+12	2.98505030505	31.0877036714
3.03677111804e+12	2.98398141906	31.0846586702
3.25508859984e+12	2.98283655826	31.0813954222
3.48910121341e+12	2.98161038898	31.0778983356
3.73993730248e+12	2.9802972129	31.0741507127
4.0088063289e+12	2.97889094363	31.0701346717
4.29700470432e+12	2.97738508194	31.0658310647
4.60592204115e+12	2.97577268964	31.0612193894
4.93704785284e+12	2.97404636216	31.0562776948
5.29197873596e+12	2.9721981997	31.050982481
5.67242606849e+12	2.97021977694	31.0453085921
6.08022426165e+12	2.96810211144	31.0392291018
6.51733960488e+12	2.96583563049	31.0327151924
6.98587974679e+12	2.96341013669	31.0257360247
7.48810385759e+12	2.96081477206	31.0182586004
8.02643352226e+12	2.9580379809	31.0102476154
8.60346441668e+12	2.95506747139	31.0016653036
9.22197882333e+12	2.95189017607	30.9924712716
9.88495904663e+12	2.94849221127	30.982622322
1.05956017928e+13	2.94485883575	30.972072267
1.13573335834e+13	2.94097440867	30.9607717299
1.21738272774e+13	2.93682234719	30.9486679356
1.30490197801e+13	2.93238508402	30.9357044878
1.39871310265e+13	2.92764402518	30.9218211344
1.49926843279e+13	2.92257950854	30.906953519
1.60705281826e+13	2.91717076352	30.8910329186
1.7225859654e+13	2.91139587263	30.8739859682
1.8464249429e+13	2.90523173539	30.8557343696
1.97916686785e+13	2.89865403552	30.8361945865
2.12145178491e+13	2.89163721222	30.8152775244
2.27396575236e+13	2.88415443641	30.7928881948
2.43744415012e+13	2.87617759328	30.7689253659
2.61267522556e+13	2.86767727208	30.7432811967
2.80050389418e+13	2.85862276472	30.715840858
3.00183581358e+13	2.84898207452	30.6864821385
3.21764175025e+13	2.83872193686	30.6550750385
3.44896226041e+13	2.82780785331	30.6214813507
3.6969127072e+13	2.81620414126	30.5855542304
3.9626886387e+13	2.80387400097	30.5471377575
4.24757155254e+13	2.7907796021	30.5060664906
4.55293507487e+13	2.77688219184	30.4621650171
4.88025158365e+13	2.76214222694	30.415247503
5.23109930806e+13	2.74651953168	30.3651172446
5.60716993821e+13	2.72997348397	30.3115662281
6.01027678207e+13	2.71246323161	30.2543747012
6.44236350872e+13	2.69394794051	30.1933107636
6.90551352016e+13	2.67438707634	30.1281299835
7.40195999692e+13	2.65374072101	30.0585750469
7.9340966658e+13	2.63196992438	29.9843754503
8.5044893418e+13	2.60903709165	29.9052472466
9.11588829975e+13	2.58490640555	29.8208928554
9.77124153535e+13	2.5595442821	29.7310009507
1.04737089796e+14	2.53291985749	29.635246441
1.12266777351e+14	2.50500550258	29.5332905561
1.20337784078e+14	2.47577736043	29.4247810594
1.28989026125e+14	2.44521590089	29.3093526024
1.38262217376e+14	2.41330648517	29.1866272422
1.4820207058e+14	2.38003993154	29.0562151428
1.58856512943e+14	2.34541307264	28.9177154823
1.70276917223e+14	2.30942929303	28.7707175878
1.82518349432e+14	2.27209903501	28.6148023227
1.95639834352e+14	2.23344025967	28.4495437479
2.09704640132e+14	2.19347884961	28.2745110807
2.24780583355e+14	2.15224893973	28.0892709724
2.40940356024e+14	2.10979316243	27.8933901236
2.58261876068e+14	2.06616279463	27.6864382548
2.76828663039e+14	2.02141779502	27.467991444
2.96730240819e+14	1.97562672174	27.2376358398
3.18062569279e+14	1.92886652303	26.9949717516
3.40928506975e+14	1.88122219624	26.7396181103
3.65438307096e+14	1.83278631346	26.4712172865
3.91710149081e+14	1.7836584159	26.1894402392
4.19870708444e+14	1.73394428259	25.8939919608
4.5005576757e+14	1.68375508282	25.584617169
4.82410870417e+14	1.63320642515	25.2611061829
5.1709202429e+14	1.58241731956	24.9233009093
5.54266452066e+14	1.53150907163	24.5711008465
5.94113398497e+14	1.48060413048	24.2044690039
6.36824994472e+14	1.42982491345	23.823437619
6.82607183427e+14	1.37929263138	23.4281135438
7.31680714343e+14	1.3291261385	23.0186831641
7.84282206134e+14	1.27944082974	22.5954167071
8.40665288562e+14	1.23034760708	22.1586717931
9.01101825167e+14	1.18195193377	21.7088960862
9.65883224116e+14	1.13435299274	21.2466289106
1.0353218433e+15	1.08764296186	20.7725017076
1.10975249641e+15	1.04190641527	20.2872372287
1.18953406737e+15	0.997219856251	19.791647385
1.27505124071e+15	0.95365138334	19.2866297009
1.36671635646e+15	0.911260487993	18.7731623536
1.46497139831e+15	0.87009797895	18.2522978174
1.57029012473e+15	0.830206025652	17.725155171
1.68318035333e+15	0.791618310849	17.1929111653
1.80418640939e+15	0.754360280799	16.6567901859
1.93389175046e+15	0.718449480233	16.1180532846
2.0729217796e+15	0.683895958601	15.5779864788
2.22194686094e+15	0.650702733867	15.037888548
2.38168555198e+15	0.61886630036	14.4990585712
2.55290806824e+15	0.588377167725	13.9627834574
2.73643999707e+15	0.559220418889	13.4303257243
2.93316627839e+15	0.531376276027	12.9029117685
3.14403547159e+15	0.504820664729	12.3817208567
3.37006432927e+15	0.479525767872	11.8678750399
3.61234269971e+15	0.455460562045	11.3624301649
3.87203878181e+15	0.432591330678	10.8663681194
4.15040475785e+15	0.410882149305	10.3805904109
4.44878283113e+15	0.390295339555	9.90591313909
4.76861169771e+15	0.37079188954	9.44306338138
5.11143348344e+15	0.352331839258	8.99267697667
5.47890117959e+15	0.334874630477	8.55529765598
5.87278661319e+15	0.318379421233	8.13137744121
6.29498899022e+15	0.302805365702	7.72127820812
6.74754405311e+15	0.288111860635	7.32527429119
7.23263389648e+15	0.274258759931	6.94355599509
7.75259748863e+15	0.261206559179	6.57623386963
8.30994194935e+15	0.248916552184	6.22334360279
8.90735463861e+15	0.237350961621	5.88485138816
9.54771611421e+15	0.226473045972	5.56065962925
1.02341140211e+16	0.216247184954	5.2506128518
1.09698579789e+16	0.206638945564	4.95450370655
1.17584955405e+16	0.197615130806	4.67207895791
1.26038292968e+16	0.189143813094	4.40304536764
1.3509935212e+16	0.181194354172	4.14707539699
1.44811822767e+16	0.173737413307	3.90381266449
1.55222535743e+16	0.166744945351	3.67287711026
1.66381688608e+16	0.160190190152	3.45386983005
1.78343087693e+16	0.154047654663	3.2463775539
1.91164407539e+16	0.148293088952	3.04997675405
2.04907468982e+16	0.142903457213	2.86423737614
2.19638537242e+16	0.137856904746	2.68872619479
2.35428641432e+16	0.133132721761	2.52300980128
2.52353917043e+16	0.128711304773	2.36665723568
2.70495973046e+16	0.124574116244	2.21924228009
2.89942285388e+16	0.120703643044	2.08034543221
3.10786618778e+16	0.117083354225	1.94955558058
3.33129478793e+16	0.113697658548	1.82647140407
3.5707859649e+16	0.110531862085	1.71070251874
3.82749447852e+16	0.107572126241	1.60187039513
4.10265810583e+16	0.104805426404	1.49960906894
4.3976036093e+16	0.102219511456	1.40356566683
4.71375313412e+16	0.0998028642978	1.31340076852
5.05263106534e+16	0.0975446635141	1.22878862504
5.41587137808e+16	0.095434746285	1.14941725148
5.80522551609e+16	0.0934635726144	1.07498841157
6.22257083673e+16	0.0916221909245	1.0052175096
6.66991966303e+16	0.0899022050504	0.939833404263
7.1494289866e+16	0.0882957426489	0.878578157135
7.66341086801e+16	0.0867954250238	0.821206727564
8.21434358492e+16	0.0853943383571	0.767486624278
8.80488358164e+16	0.0840860063288	0.717197522916
9.43787827778e+16	0.0828643640965	0.67013085756
1.01163797977e+17	0.0817237336047	0.626089393349
1.08436596869e+17	0.0806588001828	0.584886786291
1.16232246868e+17	0.0796645903945	0.546347135577
1.2458833643e+17	0.0787364510906	0.510304532908
1.33545156293e+17	0.0778700296228	0.476602612679
1.43145893752e+17	0.0770612551688	0.445094106224
1.53436840893e+17	0.0763063211228	0.415640402795
1.64467617799e+17	0.0756016685025	0.388111119478
1.7629141181e+17	0.0749439703255	0.362383681782
1.88965233969e+17	0.0743301169081	0.338342916311
2.02550193923e+17	0.0737572020406	0.315880656591
2.17111794569e+17	0.0732225099943	0.294895362817
2.32720247896e+17	0.0727235033158	0.275291756101
2.49450813523e+17	0.0722578113676	0.256980467544
2.67384161584e+17	0.0718232195732	0.239877702309
2.86606761695e+17	0.0714176593284	0.223904918726
3.07211299886e+17	0.0710391985399	0.208988522325
3.2929712551e+17	0.0706860327573	0.195059574601
3.52970730273e+17	0.0703564768621	0.182053516241
3.78346261713e+17	0.0700489572825	0.169909904452
4.05546073584e+17	0.0697620047017	0.158572164009
4.34701315813e+17	0.0694942472316	0.147987351577
4.65952566866e+17	0.0692444040225	0.13810593285
4.99450511586e+17	0.0690112792825	0.12888157201
5.35356667741e+17	0.0687937566828	0.120270933016
5.7384416483e+17	0.0685907941231	0.112233492216
6.15098578858e+17	0.0684014188362	0.10473136177
6.59318827133e+17	0.0682247228108	0.0977291233847
7.06718127393e+17	0.0680598585106	0.0911936718587
7.57525025877e+17	0.0679060348736	0.0850940679495
8.11984499318e+17	0.0677625135721	0.0794014000886
8.70359136149e+17	0.0676286055176	0.0740886544764
9.32930402628e+17	0.0675036675944	0.0691305931122
1e+18	0.0673870996078	0.0645036393226
