1e-09	0.0171971234488
1.01e-07	1.57309790983
2.01e-07	2.9243874857
3.01e-07	4.12535328467
4.01e-07	5.20506073877
5.01e-07	6.18375910234
6.01e-07	7.07668521226
7.01e-07	7.89577817102
8.01e-07	8.65064032592
9.01e-07	9.34914118224
1.001e-06	9.99782453634
1.101e-06	10.6021962783
1.201e-06	11.1669349418
1.301e-06	11.6960498208
1.401e-06	12.1930022002
1.501e-06	12.660799901
1.601e-06	13.1020720752
1.701e-06	13.5191291043
1.801e-06	13.9140110837
1.901e-06	14.2885274394
2.001e-06	14.6442895725
2.101e-06	14.982737962
2.201e-06	15.3051648241
2.301e-06	15.6127331745
2.401e-06	15.906492958
2.501e-06	16.1873947709
2.601e-06	16.4563015913
2.701e-06	16.713998856
2.801e-06	16.9612031512
2.901e-06	17.1985697412
3.001e-06	17.4266991128
3.101e-06	17.6461426866
3.201e-06	17.8574078172
3.301e-06	18.060962184
3.401e-06	18.2572376616
3.501e-06	18.4466337377
3.601e-06	18.6295205423
3.701e-06	18.8062415387
3.801e-06	18.9771159198
3.901e-06	19.1424407475
4.001e-06	19.3024928667
4.101e-06	19.4575306219
4.201e-06	19.6077953995
4.301e-06	19.753513017
4.401e-06	19.8948949757
4.501e-06	20.0321395937
4.601e-06	20.1654330311
4.701e-06	20.2949502207
4.801e-06	20.4208557127
4.901e-06	20.5433044445
5.001e-06	20.6624424415
5.101e-06	20.7784074574
5.201e-06	20.891329559
5.301e-06	21.001331662
5.401e-06	21.1085300222
5.501e-06	21.2130346859
5.601e-06	21.3149499046
5.701e-06	21.4143745158
5.801e-06	21.5114022945
5.901e-06	21.6061222772
6.001e-06	21.6986190612
6.101e-06	21.7889730808
6.201e-06	21.8772608637
6.301e-06	21.9635552682
6.401e-06	22.0479257027
6.501e-06	22.1304383306
6.601e-06	22.2111562593
6.701e-06	22.2901397171
6.801e-06	22.3674462171
6.901e-06	22.4431307109
7.001e-06	22.5172457305
7.101e-06	22.5898415221
7.201e-06	22.6609661704
7.301e-06	22.7306657146
7.401e-06	22.7989842577
7.501e-06	22.8659640682
7.601e-06	22.9316456755
7.701e-06	22.9960679594
7.801e-06	23.0592682345
7.901e-06	23.1212823284
8.001e-06	23.1821446566
8.101e-06	23.2418882915
8.201e-06	23.3005450285
8.301e-06	23.3581454476
8.401e-06	23.4147189712
8.501e-06	23.4702939195
8.601e-06	23.524897562
8.701e-06	23.5785561661
8.801e-06	23.6312950436
8.901e-06	23.6831385938
9.001e-06	23.7341103451
9.101e-06	23.7842329936
9.201e-06	23.8335284404
9.301e-06	23.882017826
9.401e-06	23.9297215635
9.501e-06	23.9766593705
9.601e-06	24.0228502979
9.701e-06	24.0683127589
9.801e-06	24.1130645552
9.901e-06	24.1571229029
1.0001e-05	24.2005044564
1.0101e-05	24.2432253314
1.0201e-05	24.2853011266
1.0301e-05	24.3267469447
1.0401e-05	24.3675774122
1.0501e-05	24.4078066981
1.0601e-05	24.4474485317
1.0701e-05	24.4865162199
1.0801e-05	24.5250226636
1.0901e-05	24.562980373
1.1001e-05	24.6004014825
1.1101e-05	24.6372977649
1.1201e-05	24.6736806448
1.1301e-05	24.7095612117
1.1401e-05	24.7449502323
1.1501e-05	24.7798581619
1.1601e-05	24.8142951564
1.1701e-05	24.8482710825
1.1801e-05	24.881795528
1.1901e-05	24.9148778121
1.2001e-05	24.9475269947
1.2101e-05	24.9797518851
1.2201e-05	25.0115610511
1.2301e-05	25.0429628272
1.2401e-05	25.0739653225
1.2501e-05	25.1045764284
1.2601e-05	25.1348038259
1.2701e-05	25.1646549927
1.2801e-05	25.1941372099
1.2901e-05	25.2232575686
1.3001e-05	25.2520229757
1.3101e-05	25.2804401606
1.3201e-05	25.3085156804
1.3301e-05	25.3362559256
1.3401e-05	25.3636671253
1.3501e-05	25.3907553526
1.3601e-05	25.4175265293
1.3701e-05	25.4439864304
1.3801e-05	25.4701406893
1.3901e-05	25.4959948015
1.4001e-05	25.5215541294
1.4101e-05	25.5468239056
1.4201e-05	25.5718092379
1.4301e-05	25.596515112
1.4401e-05	25.6209463957
1.4501e-05	25.6451078426
1.4601e-05	25.6690040948
1.4701e-05	25.6926396869
1.4801e-05	25.7160190485
1.4901e-05	25.7391465076
1.5001e-05	25.7620262937
1.5101e-05	25.7846625402
1.5201e-05	25.8070592874
1.5301e-05	25.8292204849
1.5401e-05	25.8511499945
1.5501e-05	25.8728515924
1.5601e-05	25.8943289717
1.5701e-05	25.9155857447
1.5801e-05	25.9366254449
1.5901e-05	25.9574515295
1.6001e-05	25.9780673812
1.6101e-05	25.9984763104
1.6201e-05	26.0186815569
1.6301e-05	26.0386862923
1.6401e-05	26.0584936211
1.6501e-05	26.078106583
1.6601e-05	26.0975281544
1.6701e-05	26.1167612502
1.6801e-05	26.1358087251
1.6901e-05	26.1546733756
1.7001e-05	26.1733579411
1.7101e-05	26.1918651054
1.7201e-05	26.2101974986
1.7301e-05	26.2283576976
1.7401e-05	26.2463482284
1.7501e-05	26.2641715665
1.7601e-05	26.2818301389
1.7701e-05	26.2993263248
1.7801e-05	26.3166624569
1.7901e-05	26.3338408227
1.8001e-05	26.3508636655
1.8101e-05	26.3677331852
1.8201e-05	26.38445154
1.8301e-05	26.4010208468
1.8401e-05	26.4174431823
1.8501e-05	26.4337205844
1.8601e-05	26.4498550526
1.8701e-05	26.4658485488
1.8801e-05	26.481702999
1.8901e-05	26.4974202933
1.9001e-05	26.513002287
1.9101e-05	26.5284508015
1.9201e-05	26.5437676252
1.9301e-05	26.5589545139
1.9401e-05	26.5740131918
1.9501e-05	26.588945352
1.9601e-05	26.6037526576
1.9701e-05	26.6184367419
1.9801e-05	26.6329992093
1.9901e-05	26.6474416361
2.0001e-05	26.6617655708
