1e-09	0.020021927021
1.01e-07	1.83149534521
2.01e-07	3.40474806696
3.01e-07	4.80298479261
4.01e-07	6.06004524893
5.01e-07	7.19950483758
6.01e-07	8.23910320187
7.01e-07	9.19274056409
8.01e-07	10.0715965554
9.01e-07	10.8848333279
1.001e-06	11.6400695634
1.101e-06	12.3437155509
1.201e-06	13.0012183211
1.301e-06	13.6172457355
1.401e-06	14.1958276304
1.501e-06	14.7404658924
1.601e-06	15.2542215385
1.701e-06	15.739784454
1.801e-06	16.1995298408
1.901e-06	16.6355643419
2.001e-06	17.0497640472
2.101e-06	17.4438060494
2.201e-06	17.8191948243
2.301e-06	18.1772844248
2.401e-06	18.51929726
2.501e-06	18.8463400711
2.601e-06	19.1594175896
2.701e-06	19.459444268
2.801e-06	19.7472543994
2.901e-06	20.0236108816
3.001e-06	20.2892128378
3.101e-06	20.5447022652
3.201e-06	20.7906698561
3.301e-06	21.0276601115
3.401e-06	21.2561758455
3.501e-06	21.4766821659
3.601e-06	21.6896100003
3.701e-06	21.8953592295
3.801e-06	22.0943014769
3.901e-06	22.2867826
4.001e-06	22.4731249183
4.101e-06	22.6536292118
4.201e-06	22.8285765174
4.301e-06	22.9982297452
4.401e-06	23.162835138
4.501e-06	23.3226235895
4.601e-06	23.4778118385
4.701e-06	23.6286035523
4.801e-06	23.7751903102
4.901e-06	23.9177524997
5.001e-06	24.0564601324
5.101e-06	24.1914735893
5.201e-06	24.322944302
5.301e-06	24.4510153765
5.401e-06	24.5758221647
5.501e-06	24.6974927893
5.601e-06	24.8161486259
5.701e-06	24.9319047473
5.801e-06	25.044870332
5.901e-06	25.1551490415
6.001e-06	25.2628393691
6.101e-06	25.3680349614
6.201e-06	25.4708249164
6.301e-06	25.5712940602
6.401e-06	25.6695232024
6.501e-06	25.7655893741
6.601e-06	25.8595660489
6.701e-06	25.9515233481
6.801e-06	26.0415282322
6.901e-06	26.1296446788
7.001e-06	26.2159338491
7.101e-06	26.3004542426
7.201e-06	26.3832618424
7.301e-06	26.4644102503
7.401e-06	26.5439508135
7.501e-06	26.6219327435
7.601e-06	26.6984032272
7.701e-06	26.7734075308
7.801e-06	26.846989098
7.901e-06	26.9191896417
8.001e-06	26.9900492303
8.101e-06	27.0596063688
8.201e-06	27.1278980754
8.301e-06	27.1949599529
8.401e-06	27.2608262569
8.501e-06	27.3255299594
8.601e-06	27.3891028091
8.701e-06	27.4515753883
8.801e-06	27.5129771663
8.901e-06	27.5733365503
9.001e-06	27.6326809336
9.101e-06	27.6910367403
9.201e-06	27.7484294688
9.301e-06	27.8048837323
9.401e-06	27.8604232971
9.501e-06	27.9150711193
9.601e-06	27.9688493794
9.701e-06	28.021779515
9.801e-06	28.073882252
9.901e-06	28.1251776344
1.0001e-05	28.1756850522
1.0101e-05	28.2254232681
1.0201e-05	28.2744104434
1.0301e-05	28.3226641615
1.0401e-05	28.3702014513
1.0501e-05	28.4170388091
1.0601e-05	28.4631922197
1.0701e-05	28.5086771757
1.0801e-05	28.5535086969
1.0901e-05	28.5977013487
1.1001e-05	28.6412692585
1.1101e-05	28.6842261329
1.1201e-05	28.7265852733
1.1301e-05	28.7683595907
1.1401e-05	28.8095616201
1.1501e-05	28.8502035346
1.1601e-05	28.890297158
1.1701e-05	28.9298539776
1.1801e-05	28.9688851565
1.1901e-05	29.0074015445
1.2001e-05	29.0454136895
1.2101e-05	29.082931848
1.2201e-05	29.1199659952
1.2301e-05	29.1565258345
1.2401e-05	29.192620807
1.2501e-05	29.2282601004
1.2601e-05	29.2634526574
1.2701e-05	29.298207184
1.2801e-05	29.3325321572
1.2901e-05	29.3664358328
1.3001e-05	29.3999262525
1.3101e-05	29.433011251
1.3201e-05	29.4656984623
1.3301e-05	29.4979953267
1.3401e-05	29.5299090966
1.3501e-05	29.5614468426
1.3601e-05	29.592615459
1.3701e-05	29.6234216698
1.3801e-05	29.6538720334
1.3901e-05	29.6839729483
1.4001e-05	29.7137306573
1.4101e-05	29.743151253
1.4201e-05	29.7722406819
1.4301e-05	29.8010047487
1.4401e-05	29.8294491209
1.4501e-05	29.8575793328
1.4601e-05	29.8854007891
1.4701e-05	29.9129187691
1.4801e-05	29.9401384301
1.4901e-05	29.9670648112
1.5001e-05	29.9937028364
1.5101e-05	30.0200573181
1.5201e-05	30.0461329602
1.5301e-05	30.0719343613
1.5401e-05	30.0974660173
1.5501e-05	30.1227323249
1.5601e-05	30.1477375836
1.5701e-05	30.1724859992
1.5801e-05	30.1969816855
1.5901e-05	30.2212286677
1.6001e-05	30.2452308841
1.6101e-05	30.2689921888
1.6201e-05	30.2925163539
1.6301e-05	30.3158070719
1.6401e-05	30.3388679572
1.6501e-05	30.3617025489
1.6601e-05	30.3843143122
1.6701e-05	30.4067066409
1.6801e-05	30.4288828586
1.6901e-05	30.450846221
1.7001e-05	30.4725999176
1.7101e-05	30.4941470732
1.7201e-05	30.5154907495
1.7301e-05	30.5366339472
1.7401e-05	30.5575796068
1.7501e-05	30.5783306107
1.7601e-05	30.5988897844
1.7701e-05	30.6192598979
1.7801e-05	30.6394436672
1.7901e-05	30.6594437554
1.8001e-05	30.6792627743
1.8101e-05	30.6989032854
1.8201e-05	30.7183678011
1.8301e-05	30.7376587861
1.8401e-05	30.7567786584
1.8501e-05	30.7757297905
1.8601e-05	30.7945145101
1.8701e-05	30.8131351019
1.8801e-05	30.8315938078
1.8901e-05	30.8498928285
1.9001e-05	30.8680343242
1.9101e-05	30.8860204154
1.9201e-05	30.9038531842
1.9301e-05	30.9215346749
1.9401e-05	30.9390668947
1.9501e-05	30.9564518151
1.9601e-05	30.9736913722
1.9701e-05	30.9907874677
1.9801e-05	31.0077419694
1.9901e-05	31.0245567127
2.0001e-05	31.0412335003
