1e-09	0.015594183823
1.01e-07	1.4264698425
2.01e-07	2.65180605101
3.01e-07	3.74083012472
4.01e-07	4.71989831391
5.01e-07	5.60737244492
6.01e-07	6.41706913285
7.01e-07	7.15981463939
8.01e-07	7.84431627942
9.01e-07	8.47771004358
1.001e-06	9.06592978258
1.101e-06	9.61396818384
1.201e-06	10.1260676962
1.301e-06	10.6058639081
1.401e-06	11.056495479
1.501e-06	11.4806898717
1.601e-06	11.8808311757
1.701e-06	12.2590144221
1.801e-06	12.6170895498
1.901e-06	12.9566973287
2.001e-06	13.2792989612
2.101e-06	13.58620066
2.201e-06	13.878574194
2.301e-06	14.1574741745
2.401e-06	14.4238526812
2.501e-06	14.6785717055
2.601e-06	14.9224137877
2.701e-06	15.156091154
2.801e-06	15.380253598
2.901e-06	15.5954953068
3.001e-06	15.802360796
3.101e-06	16.0013500886
3.201e-06	16.1929232485
3.301e-06	16.3775043632
3.401e-06	16.5554850521
3.501e-06	16.7272275667
3.601e-06	16.8930675374
3.701e-06	17.0533164134
3.801e-06	17.2082636357
3.901e-06	17.3581785771
4.001e-06	17.5033122779
4.101e-06	17.6438990022
4.201e-06	17.780157637
4.301e-06	17.9122929514
4.401e-06	18.0404967327
4.501e-06	18.1649488138
4.601e-06	18.2858180028
4.701e-06	18.4032629271
4.801e-06	18.5174327994
4.901e-06	18.6284681151
5.001e-06	18.7365012889
5.101e-06	18.8416572343
5.201e-06	18.9440538947
5.301e-06	19.0438027289
5.401e-06	19.1410091564
5.501e-06	19.2357729663
5.601e-06	19.3281886926
5.701e-06	19.4183459604
5.801e-06	19.5063298038
5.901e-06	19.5922209604
6.001e-06	19.676096142
6.101e-06	19.7580282857
6.201e-06	19.8380867862
6.301e-06	19.9163377106
6.401e-06	19.9928439978
6.501e-06	20.0676656441
6.601e-06	20.1408598746
6.701e-06	20.2124813038
6.801e-06	20.2825820841
6.901e-06	20.3512120449
7.001e-06	20.4184188218
7.101e-06	20.4842479776
7.201e-06	20.548743115
7.301e-06	20.6119459819
7.401e-06	20.6738965705
7.501e-06	20.7346332094
7.601e-06	20.7941926503
7.701e-06	20.8526101491
7.801e-06	20.9099195422
7.901e-06	20.9661533177
8.001e-06	21.0213426833
8.101e-06	21.0755176288
8.201e-06	21.1287069859
8.301e-06	21.1809384841
8.401e-06	21.2322388035
8.501e-06	21.2826336247
8.601e-06	21.3321476752
8.701e-06	21.3808047741
8.801e-06	21.4286278738
8.901e-06	21.4756390995
9.001e-06	21.5218597864
9.101e-06	21.5673105153
9.201e-06	21.6120111457
9.301e-06	21.6559808476
9.401e-06	21.6992381316
9.501e-06	21.7418008772
9.601e-06	21.7836863596
9.701e-06	21.8249112758
9.801e-06	21.8654917683
9.901e-06	21.9054434484
1.0001e-05	21.944781418
1.0101e-05	21.9835202907
1.0201e-05	22.0216742114
1.0301e-05	22.0592568751
1.0401e-05	22.0962815449
1.0501e-05	22.1327610689
1.0601e-05	22.168707897
1.0701e-05	22.2041340957
1.0801e-05	22.2390513633
1.0901e-05	22.273471044
1.1001e-05	22.3074041411
1.1101e-05	22.3408613301
1.1201e-05	22.3738529708
1.1301e-05	22.4063891189
1.1401e-05	22.4384795376
1.1501e-05	22.4701337078
1.1601e-05	22.5013608385
1.1701e-05	22.5321698769
1.1801e-05	22.5625695171
1.1901e-05	22.5925682098
1.2001e-05	22.6221741701
1.2101e-05	22.6513953864
1.2201e-05	22.6802396279
1.2301e-05	22.7087144522
1.2401e-05	22.7368272126
1.2501e-05	22.7645850649
1.2601e-05	22.7919949741
1.2701e-05	22.8190637211
1.2801e-05	22.8457979081
1.2901e-05	22.8722039653
1.3001e-05	22.898288156
1.3101e-05	22.9240565821
1.3201e-05	22.9495151897
1.3301e-05	22.9746697734
1.3401e-05	22.999525982
1.3501e-05	23.0240893223
1.3601e-05	23.0483651642
1.3701e-05	23.0723587445
1.3801e-05	23.0960751714
1.3901e-05	23.1195194282
1.4001e-05	23.1426963774
1.4101e-05	23.1656107641
1.4201e-05	23.1882672197
1.4301e-05	23.2106702654
1.4401e-05	23.2328243152
1.4501e-05	23.2547336796
1.4601e-05	23.2764025681
1.4701e-05	23.2978350924
1.4801e-05	23.3190352695
1.4901e-05	23.3400070239
1.5001e-05	23.3607541908
1.5101e-05	23.3812805184
1.5201e-05	23.4015896702
1.5301e-05	23.421685228
1.5401e-05	23.4415706934
1.5501e-05	23.4612494908
1.5601e-05	23.4807249689
1.5701e-05	23.5000004033
1.5801e-05	23.5190789982
1.5901e-05	23.5379638886
1.6001e-05	23.5566581419
1.6101e-05	23.5751647598
1.6201e-05	23.5934866804
1.6301e-05	23.6116267793
1.6401e-05	23.6295878719
1.6501e-05	23.6473727144
1.6601e-05	23.664984006
1.6701e-05	23.6824243896
1.6801e-05	23.6996964542
1.6901e-05	23.7168027352
1.7001e-05	23.733745717
1.7101e-05	23.7505278331
1.7201e-05	23.7671514684
1.7301e-05	23.7836189598
1.7401e-05	23.7999325976
1.7501e-05	23.8160946268
1.7601e-05	23.8321072481
1.7701e-05	23.8479726188
1.7801e-05	23.8636928543
1.7901e-05	23.8792700289
1.8001e-05	23.8947061766
1.8101e-05	23.9100032926
1.8201e-05	23.9251633337
1.8301e-05	23.9401882195
1.8401e-05	23.9550798332
1.8501e-05	23.9698400227
1.8601e-05	23.984470601
1.8701e-05	23.9989733475
1.8801e-05	24.0133500083
1.8901e-05	24.0276022974
1.9001e-05	24.0417318973
1.9101e-05	24.0557404597
1.9201e-05	24.069629606
1.9301e-05	24.0834009286
1.9401e-05	24.0970559908
1.9501e-05	24.1105963281
1.9601e-05	24.1240234483
1.9701e-05	24.1373388327
1.9801e-05	24.1505439362
1.9901e-05	24.163640188
2.0001e-05	24.1766289923
