1e-09	0.019616842012
1.01e-07	1.79444040501
2.01e-07	3.33586296915
3.01e-07	4.70581047289
4.01e-07	5.93743799533
5.01e-07	7.05384395896
6.01e-07	8.07240909741
7.01e-07	9.00675240273
8.01e-07	9.86782731899
9.01e-07	10.664610629
1.001e-06	11.4045668729
1.101e-06	12.0939766461
1.201e-06	12.738176775
1.301e-06	13.3417406802
1.401e-06	13.9086166663
1.501e-06	14.4422357694
1.601e-06	14.9455970758
1.701e-06	15.4213360489
1.801e-06	15.8717798354
1.901e-06	16.2989924564
2.001e-06	16.7048120446
2.101e-06	17.0908817618
2.201e-06	17.4586756451
2.301e-06	17.8095203521
2.401e-06	18.14461356
2.501e-06	18.4650396185
2.601e-06	18.771782931
2.701e-06	19.065739449
2.801e-06	19.3477265859
2.901e-06	19.6184918047
3.001e-06	19.8787200838
3.101e-06	20.1290404314
3.201e-06	20.370031589
3.301e-06	20.6022270412
3.401e-06	20.8261194292
3.501e-06	21.0421644505
3.601e-06	21.2507843143
3.701e-06	21.4523708108
3.801e-06	21.647288045
3.901e-06	21.8358748767
4.001e-06	22.0184471043
4.101e-06	22.1952994226
4.201e-06	22.3667071822
4.301e-06	22.5329279742
4.401e-06	22.6942030593
4.501e-06	22.8507586598
4.601e-06	23.0028071295
4.701e-06	23.1505480149
4.801e-06	23.2941690195
4.901e-06	23.4338468809
5.001e-06	23.5697481712
5.101e-06	23.7020300265
5.201e-06	23.8308408147
5.301e-06	23.9563207464
5.401e-06	24.078602435
5.501e-06	24.1978114111
5.601e-06	24.3140665947
5.701e-06	24.4274807302
5.801e-06	24.5381607874
5.901e-06	24.6462083305
6.001e-06	24.7517198599
6.101e-06	24.8547871277
6.201e-06	24.9554974293
6.301e-06	25.0539338744
6.401e-06	25.1501756378
6.501e-06	25.2442981921
6.601e-06	25.3363735243
6.701e-06	25.4264703371
6.801e-06	25.5146542362
6.901e-06	25.6009879048
7.001e-06	25.6855312666
7.101e-06	25.7683416378
7.201e-06	25.8494738685
7.301e-06	25.9289804761
7.401e-06	26.0069117692
7.501e-06	26.0833159634
7.601e-06	26.158239291
7.701e-06	26.2317261023
7.801e-06	26.3038189622
7.901e-06	26.3745587395
8.001e-06	26.443984692
8.101e-06	26.5121345458
8.201e-06	26.5790445698
8.301e-06	26.6447496468
8.401e-06	26.7092833391
8.501e-06	26.7726779519
8.601e-06	26.8349645913
8.701e-06	26.896173221
8.801e-06	26.9563327139
8.901e-06	27.0154709028
9.001e-06	27.0736146263
9.101e-06	27.1307897743
9.201e-06	27.1870213292
9.301e-06	27.2423334062
9.401e-06	27.2967492907
9.501e-06	27.3502914744
9.601e-06	27.402981689
9.701e-06	27.4548409384
9.801e-06	27.5058895293
9.901e-06	27.5561470999
1.0001e-05	27.6056326481
1.0101e-05	27.6543645571
1.0201e-05	27.7023606205
1.0301e-05	27.749638066
1.0401e-05	27.796213578
1.0501e-05	27.8421033192
1.0601e-05	27.8873229508
1.0701e-05	27.931887652
1.0801e-05	27.9758121389
1.0901e-05	28.0191106818
1.1001e-05	28.0617971227
1.1101e-05	28.1038848907
1.1201e-05	28.145387018
1.1301e-05	28.1863161545
1.1401e-05	28.2266845816
1.1501e-05	28.2665042261
1.1601e-05	28.3057866725
1.1701e-05	28.3445431759
1.1801e-05	28.3827846733
1.1901e-05	28.420521795
1.2001e-05	28.4577648757
1.2101e-05	28.4945239642
1.2201e-05	28.530808834
1.2301e-05	28.5666289921
1.2401e-05	28.6019936886
1.2501e-05	28.6369119254
1.2601e-05	28.6713924641
1.2701e-05	28.7054438347
1.2801e-05	28.7390743427
1.2901e-05	28.7722920768
1.3001e-05	28.8051049161
1.3101e-05	28.8375205366
1.3201e-05	28.869546418
1.3301e-05	28.90118985
1.3401e-05	28.9324579383
1.3501e-05	28.9633576104
1.3601e-05	28.9938956212
1.3701e-05	29.0240785586
1.3801e-05	29.0539128484
1.3901e-05	29.0834047595
1.4001e-05	29.1125604085
1.4101e-05	29.1413857647
1.4201e-05	29.1698866542
1.4301e-05	29.1980687644
1.4401e-05	29.2259376482
1.4501e-05	29.2534987276
1.4601e-05	29.2807572983
1.4701e-05	29.3077185326
1.4801e-05	29.3343874836
1.4901e-05	29.3607690883
1.5001e-05	29.3868681712
1.5101e-05	29.4126894472
1.5201e-05	29.4382375251
1.5301e-05	29.4635169104
1.5401e-05	29.4885320082
1.5501e-05	29.5132871261
1.5601e-05	29.5377864767
1.5701e-05	29.5620341806
1.5801e-05	29.5860342685
1.5901e-05	29.6097906841
1.6001e-05	29.633307286
1.6101e-05	29.6565878503
1.6201e-05	29.679636073
1.6301e-05	29.7024555715
1.6401e-05	29.7250498874
1.6501e-05	29.747422488
1.6601e-05	29.7695767686
1.6701e-05	29.7915160541
1.6801e-05	29.8132436011
1.6901e-05	29.8347625992
1.7001e-05	29.8560761735
1.7101e-05	29.8771873856
1.7201e-05	29.8980992352
1.7301e-05	29.9188146622
1.7401e-05	29.9393365478
1.7501e-05	29.959667716
1.7601e-05	29.979810935
1.7701e-05	29.999768919
1.7801e-05	30.0195443289
1.7901e-05	30.0391397739
1.8001e-05	30.0585578131
1.8101e-05	30.077800956
1.8201e-05	30.0968716642
1.8301e-05	30.1157723527
1.8401e-05	30.1345053905
1.8501e-05	30.1530731019
1.8601e-05	30.1714777678
1.8701e-05	30.1897216265
1.8801e-05	30.2078068746
1.8901e-05	30.2257356683
1.9001e-05	30.2435101239
1.9101e-05	30.2611323193
1.9201e-05	30.2786042943
1.9301e-05	30.2959280518
1.9401e-05	30.3131055586
1.9501e-05	30.3301387461
1.9601e-05	30.3470295113
1.9701e-05	30.3637797173
1.9801e-05	30.3803911945
1.9901e-05	30.3968657407
2.0001e-05	30.4132051224
