
# A&A 511, A28 (2010)
# Rate coefficients for rotational de-excitation of CH+ in collisions with 4He
#j j' TEMP(K)0.1 1 10 30 50 80 100 200
1 0 2.9909e-11 3.2579e-11 6.4569e-11 7.6433e-11 7.8618e-11 8.2977e-11 8.5986e-11 9.6190e-11
1 1 1.0228e-9 1.6611e-9 2.2305e-9 2.4917e-9 2.6952e-9 2.9220e-9 3.0418e-9 3.4826e-9
2 0 4.7576e-11 3.5955e-11 3.2011e-11 3.8895e-11 4.3619e-11 4.8028e-11 4.8006e-11 5.4081e-11
2 1 1.2341e-10 1.4211e-10 1.0617e-10 9.4958e-11 9.0823e-11 8.8168e-11 8.8187e-11 9.5990e-11
2 2 1.3221e-9 1.6164e-9 2.2047e-9 2.3876e-9 2.4671e-9 2.5955e-9 2.6826e-9 3.0778e-9
3 0 1.6271e-11 1.3521e-11 9.1738e-12 1.0434e-11 1.1899e-11 1.3527e-11 1.4372e-11 1.7025e-11
3 1 1.0872e-10 8.0492e-11 5.9896e-11 6.5757e-11 6.9659e-11 7.3335e-11 7.5183e-11 8.2536e-11
3 2 7.7290e-11 6.6780e-11 5.8912e-11 5.3892e-11 5.2913e-11 5.3156e-11 5.3962e-11 6.1452e-11
3 3 9.1119e-10 1.6179e-9 2.2664e-9 2.4626e-9 2.4933e-9 2.5392e-9 2.5829e-9 2.8559e-9
4 0 2.7758e-11 1.8590e-11 1.0869e-11 8.9582e-12 8.3907e-12 8.0476e-12 7.9900e-12 8.7148e-12
4 1 2.4277e-11 2.0693e-11 1.4840e-11 1.3079e-11 1.2960e-11 1.3300e-11 1.3641e-11 1.5640e-11
4 2 1.8148e-10 1.3469e-10 9.6207e-11 8.8627e-11 8.7076e-11 8.7218e-11 8.8080e-11 9.5491e-11
4 3 3.4315e-11 3.6543e-11 2.8561e-11 2.6709e-11 2.6826e-11 2.7736e-11 2.8641e-11 5.5256e-11
4 4 8.0493e-10 1.5822e-9 2.2753e-9 2.5078e-9 2.5444e-9 2.5704e-9 2.5941e-9 2.7618e-9
5 0 2.0510e-12 1.5094e-12 9.3464e-13 8.1404e-13 8.3837e-13 9.0073e-13 9.4903e-13 1.2577e-12
5 1 6.1265e-11 4.2828e-11 2.5900e-11 2.1286e-11 2.0275e-11 1.9979e-11 2.0069e-11 2.1577e-11
5 2 6.4320e-12 6.3321e-12 5.4889e-12 5.3011e-12 5.4634e-12 5.8542e-12 6.1566e-12 7.9681e-12
5 3 1.2301e-10 1.0768e-10 8.9851e-11 8.1720e-11 7.8702e-11 7.7680e-11 7.8183e-11 8.5930e-11
5 4 2.9204e-11 2.7067e-11 1.8898e-11 1.6095e-11 1.5763e-11 1.6133e-11 1.6611e-11 2.0669e-11
5 5 7.5836e-10 1.6197e-9 2.3275e-9 2.5729e-9 2.6174e-9 2.6353e-9 2.6477e-9 2.7420e-9